885041
887092
887089
887088
887081
887105
885982
2700464
2700469
887085
887087
887082
887074
887083
885955
887072
885953
887078
887075
887070
887079
887067
2700444
887066
887071
887062
887061
887060
887057
887054
885812
887053
887051
887050
887052
887046
887048
887043
887042
887045
887038
887037
887040
887034
887032
887030
887029
887028
887031
887027
887024
887065
887018
887015
887020
887013
887022
887010
887008
887009
887006
887004
14515843
887007
886999
19394667
886996
14515844
886993
887016
886991
886989
886986
886983
886988
886984
886977
886976
886982
886992
886969
886990
3205053
14515845
886995
886966
887012
886968
886965
886959
886973
886963
886956
886954
886949
886961
886953
886946
886945
886943
886940
886938
886942
886935
886933
886931
886951
886926
886928
886923
886920
886919
886915
886918
886912
886917
886909
886907
886905
886903
886902
19394668
886900
886914
886898
886896
886894
886892
886888
886887
886883
886924
886881
886880
886878
886885
886876
886874
886877
886873
886871
886869
886868
886865
886863
886860
886859
886872
886858
886856
886854
886851
886849
886847
886845
886843
886840
886857
886838
886842
886836
886832
886890
886830
3205086
886828
886826
886825
886835
886824
886821
886267
886818
886822
886816
886812
886823
886810
886808
886807
886804
886820
886801
886799
886795
886814
886796
886792
886788
886786
886785
886806
886782
886780
14515880
886779
886776
886774
886772
886770
886768
886764
886790
886762
886760
886758
886755
886753
886803
886756
886750
886748
886747
886766
886752
886742
886740
886739
886735
886744
886734
886746
886737
886730
886729
886726
886727
886725
886722
886719
886723
886718
886715
886713
886711
886710
886708
886724
886705
886703
886701
886699
886732
886695
886707
3205106
886693
886691
886689
886688
886686
886697
886682
14515886
886698
886680
886678
886677
886675
886671
886669
886667
886665
886664
886661
886673
886684
3205110
886654
886657
886651
886663
886648
886659
886646
886650
886642
886644
886647
886640
886637
886641
886635
886633
886631
886629
886627
886625
14515902
886623
886621
886619
886618
886613
886645
886611
886608
886607
886604
886603
886602
886599
886615
886601
886594
886593
886596
886600
885981
886590
886598
886588
886586
886584
886581
886592
885978
886577
886580
886583
886574
886570
886579
886566
886572
886564
886563
886560
886559
2700441
886576
886555
886553
886552
886550
886557
886548
886546
886544
886538
886542
886536
886540
886534
886532
886528
886568
886527
886524
886522
886520
886516
886514
886518
886510
886508
886512
886505
886530
886501
886500
886506
885946
886497
886495
885929
886498
886491
886490
886484
886493
886482
886480
886478
886476
886474
886473
886487
886471
886468
886469
886485
886465
886463
886460
886472
886462
886456
886454
886452
886450
886449
886446
886444
886443
886458
886440
886441
886030
886436
886032
886433
886431
886430
886428
886435
886425
886423
886421
14515846
886419
886416
886427
886438
886413
886411
886409
886407
886403
886418
886401
886399
886397
886393
886415
886405
886391
886390
886395
886396
886381
886388
886383
886377
886375
886379
886374
886373
886387
886370
886368
886366
886364
886362
886358
886356
886360
886352
886385
886350
886348
886342
886354
886344
886340
886336
886346
886334
886332
886330
886328
886326
886323
886321
886319
886317
886314
886312
3205039
14515889
886310
886306
886372
886304
886302
886300
886299
886296
886320
886294
886291
886288
886286
886284
3205059
886280
886308
886279
886276
886272
886282
886273
888425
885535
887163
887161
887169
887167
887158
887170
887160
887162
887171
887183
887185
887195
887199
3205069
887200
887166
887198
887234
887240
887238
887243
887256
3205035
887228
887260
887264
887268
887270
887279
887248
887301
887292
887306
887280
887312
887307
887319
887322
887324
887323
887321
887334
886261
887341
887349
887358
887339
887362
887372
887380
887385
14515848
887376
887391
887381
887408
887430
887457
887465
887473
887476
887489
887416
887507
887494
887511
887517
887509
887527
887529
887534
887515
887526
887537
887544
887535
887554
887551
887609
887591
887569
887637
887638
887647
887649
887651
887662
887633
2700426
887667
887654
887678
887666
887710
887696
887716
887721
887720
887717
887732
887725
887738
887712
887739
887747
887733
887752
887753
887754
887755
887761
887745
887770
887786
887829
887797
887835
887846
887853
887861
887856
887847
887868
887870
887863
887879
887872
887883
887895
887896
3205046
14515849
887890
887906
887908
887913
887914
887920
14515850
887926
887932
887936
887901
887942
887970
887951
887967
887996
887991
887986
887999
888004
888008
888015
888001
888016
3205041
2700463
2700431
3205042
888032
888031
888019
2700453
888042
888039
888045
888043
888056
888058
888061
888060
888065
888070
888048
888079
888082
888049
888078
888087
888089
888081
888106
888077
888102
888134
888141
888143
888117
888144
888146
888149
888158
888164
888177
888181
888190
888194
888198
888175
888203
888222
888219
888233
888235
888230
888229
888239
888259
888245
888240
888262
888271
888279
888280
888283
888292
888296
14515851
888285
888302
888310
888314
888307
888316
888327
888335
888331
888343
888345
888353
888341
888356
888359
888357
888377
888374
888391
888394
888346
888405
888411
888421
888400
888414
888424
888433
888457
888465
888505
888531
888535
888447
888552
888550
888555
888548
888558
888556
888559
888567
888564
888609
888611
888619
888620
888622
888638
888645
888641
888648
888595
888664
888662
888682
888681
3205052
888688
888658
888684
888707
888695
888708
2700448
888730
888772
888775
888776
888784
888738
888807
888814
888819
888793
888834
888833
888832
888837
888868
888872
888873
888893
888895
888899
888918
888929
888913
888941
888928
885836
885863
885864
885615
885468
886264
885181
885153
885253
885273
885142
885497
885076
885476
885460
885388
885461
885376
885332
885358
885330
885326
885243
885272
885085
885134
885410
885401
885397
885395
885435
885449
885087
885440
885144
885251
885136
885270
885374
885380
885444
14515884
885354
885360
885375
885265
885886
885349
2700435
2700445
2700454
2700446
885236
885391
885369
885883
885356
885109
885417
885255
885611
3205068
885616
885554
885603
885218
885207
885051
885545
885111
885550
885044
885576
885127
885790
885783
885078
885784
885774
885799
885425
885413
885423
885826
885348
885431
885749
885763
885773
885709
885725
885742
885636
885658
885669
885562
885601
885617
885095
885205
885121
885248
885139
885140
885285
885195
885113
885210
885466
885227
885493
885225
885477
885199
885481
885208
885641
885206
885286
885179
885203
885647
885209
885279
885825
885150
885146
885657
885197
885137
885093
885103
885042
885046
885069
885167
885172
885198
885221
2700422
885549
885557
885564
885568
885569
885570
885387
885571
885366
885585
885589
885607
885613
885653
885724
885644
885756
885050
885561
885560
885412
885914
885913
885889
885888
885629
885533
885494
885485
885442
885438
885434
885426
885419
885411
885408
885407
885406
885405
885329
14515852
885158
885173
885177
885184
885186
885230
885043
885312
885052
885254
885242
885308
885237
885922
886064
885856
885860
885264
885077
885063
3205057
885327
885038
885062
885382
885378
885368
885364
885363
885353
885355
885343
885350
885337
885341
885404
885399
885393
2700430
19394669
885386
885385
886043
886266
888313
887882
887935
886039
888205
888234
886050
886047
886048
888792
886034
886045
886035
886037
885992
886066
885993
886069
2700462
886056
886077
886052
886076
886062
886059
886042
886089
886046
886084
3205056
887414
887343
886008
887790
887957
888299
888372
888477
888533
888546
888607
888634
888712
888783
886060
885295
886091
887146
887142
888441
2700427
887147
887135
887133
886015
887130
887136
887129
887128
887126
887125
887127
887122
887123
887120
887117
887116
887114
887132
887113
887110
887112
887108
887111
887103
887115
887102
887101
887100
887098
887107
887097
887094
887096
19394670
885258
885120
14515882
885338
885339
885592
885949
885962
885651
885861
885852
885482
886001
885941
886004
886005
885984
885828
885830
885447
887151
885450
885490
885951
885969
885847
888936
885853
885633
885817
885820
885965
886022
886021
885845
885956
885849
885963
885843
888949
885824
888947
885983
885131
19394671
885119
885110
885117
886024
885458
885067
885932
885798
885575
885471
885451
885164
886020
886026
885985
885994
885991
885604
19394672
885593
885878
14515854
888930
885899
3205109
888485
885573
888265
885890
888935
886038
886036
888758
885990
885930
885997
885986
885988
886061
886082
886053
886080
885869
886031
886083
886055
886081
886072
886068
886063
886065
886057
886058
886054
886079
886049
886041
886007
886074
886040
886044
886073
886051
886090
886092
886087
886088
887386
886086
887552
886075
887549
887447
886085
887600
888035
887990
887805
887933
888362
887684
888125
888401
888518
888582
888419
888751
885196
888912
887143
887148
887144
885872
886013
19394673
886067
887134
887140
886014
887131
887137
887145
887124
887121
887104
887106
887119
887118
887095
887109
887093
887091
887099
887086
887084
887077
887073
887080
887064
887069
887076
887068
887059
887063
887056
887047
887044
887055
887036
887041
887035
14515855
887058
887023
887026
887033
887039
887017
887019
887021
887025
887011
887014
887000
887001
887005
887002
886985
886997
886980
886981
886987
886979
886978
886998
886974
886994
886971
3205114
886975
2700468
886964
886960
886962
886957
886958
886952
886955
886948
886950
886970
886947
886944
886941
886937
886939
886934
886936
886929
886932
886967
886930
886922
886925
886921
14515894
2700429
2700466
2700459
886913
886916
886910
886911
886906
886908
886927
3205097
886904
886897
886899
886893
886895
886886
886889
886884
886891
886901
886882
886875
886879
886867
886870
886866
886972
886864
886861
886862
886852
886848
886855
886844
886846
2700424
886853
886834
886837
886831
886833
886827
886829
886839
886850
886815
886817
886841
886813
886819
886809
886811
14515856
886802
886794
886805
14515857
886793
886798
886800
886797
886781
886783
14515858
886778
886777
886775
886773
886769
886771
886765
886767
886761
886253
886763
886757
886784
886751
886787
886754
886749
886741
886743
886738
886251
886745
886736
886759
886731
886728
886733
886716
886717
886712
886714
886706
886720
886702
886721
886709
886700
886690
886692
886696
886694
886681
886704
886687
886683
886672
886676
886670
886674
886685
886668
886660
886679
886656
886658
886652
886662
886643
886649
886634
886653
886632
886636
886628
886630
886624
886626
886620
886622
886616
886617
886612
886614
886606
886638
886605
886666
886595
886610
886589
886597
886591
886587
886582
886585
886573
886609
886567
886571
886565
886569
886561
886562
886556
886578
886558
886554
886547
886549
3205054
886543
886545
886539
886541
886535
886537
886531
886533
886526
886551
886523
886525
886519
886521
886515
3205064
3205065
886511
886513
886507
886509
886502
886504
886496
886575
886503
3205040
886494
886492
886499
886486
886488
886483
886479
886477
3205095
886078
3205096
886475
886466
886529
886461
886464
886457
886459
886455
886467
886451
886453
886447
886448
886445
886489
885814
886470
886434
886442
886028
886432
886426
886437
886422
886424
886420
886429
886412
886414
886410
886408
886404
886406
886402
886400
886417
886398
886394
886392
886384
886380
886382
886376
886378
886371
886389
886367
886033
886363
886365
886359
886361
886355
886357
886353
886351
886347
886349
886343
886345
886338
886341
886337
886331
886335
886327
886329
886322
886369
886313
886318
886311
886315
886307
886309
886305
886303
886325
886301
886292
886295
886287
886289
886283
886285
886281
886297
886324
886277
886298
886274
885529
885873
885567
885261
886011
885524
885530
885040
885293
885294
885297
885291
885292
885499
885498
885501
885500
885509
885503
885512
885510
885446
885135
888538
2700456
885080
885064
885289
885074
885188
885165
885649
885249
885115
885100
885473
885132
885685
3205103
885642
885428
885478
885145
885455
885163
885287
885486
885432
885065
885105
885283
885174
885278
885125
888076
885187
885462
885091
885645
885365
885112
885108
885527
885523
885519
885525
885528
885518
885701
885702
885698
885700
885695
885696
885693
885694
885690
885691
885688
885689
885683
885686
885687
885680
885682
885672
885678
885679
885668
14515900
885670
885665
885241
885662
885396
885660
885805
885045
885047
885048
885049
885055
885061
885066
888812
885068
885070
3205102
885073
885082
885083
885116
885122
885157
885086
885159
885160
885162
885166
885169
885170
2700455
885180
885182
885183
885185
885189
885191
885192
14515859
887422
885193
885194
885202
885204
885211
885214
14515860
885212
885216
19394674
885213
885231
885215
887208
885226
887165
885234
885284
885235
885309
885275
885311
885288
885322
885310
885489
885313
885544
885467
885552
885325
885556
885436
885373
885256
885427
885443
885429
885420
885415
885441
885920
885342
885367
885842
885821
885839
885424
885829
885851
885854
885347
885898
885907
885846
885827
885895
885333
885859
885445
886252
885448
885881
885628
885879
885452
885543
885901
885465
885491
885542
885730
885588
885470
885537
885590
885555
885591
885439
885487
885546
885880
885430
885340
885548
885551
885539
885738
885594
885126
885547
885719
885726
885720
885735
885336
885743
885740
885718
885716
885737
888761
885877
885707
885713
885744
885750
885753
885656
885739
885714
885755
885370
885747
885734
885414
885710
885359
885532
885729
885705
885746
885736
885708
885655
885723
885731
885896
885741
885652
885722
885800
885806
885733
885704
885757
885796
885797
885804
885754
885789
885748
885793
885767
885654
885761
885650
885758
885762
885782
885484
885759
885772
885785
885247
19394675
3205115
885786
14515861
885094
885090
885269
885081
885148
885915
885893
885089
885138
885151
885149
885057
885643
885281
885504
885514
885402
885638
885400
885897
885646
885245
885640
885875
885639
885383
885362
885506
885876
885416
885917
885918
885910
885352
885200
885334
885912
885331
885630
885344
885437
885357
885394
885379
885240
885882
885433
885392
885488
885621
885622
885606
885605
885884
885980
885979
885976
885975
885973
885972
885971
885970
885967
885966
885964
885961
885960
885958
885957
885954
885952
14515903
885950
885948
885947
885944
885943
885942
885940
885939
885938
885937
885936
885935
885934
885933
885931
885928
885819
885925
885923
885816
11117810
885921
885813
19394676
885818
885635
885815
885632
885810
885422
885634
14515890
888914
885631
888889
888917
888863
888867
888853
888881
888864
888880
888857
888818
888817
888831
888943
888887
888813
888925
888933
888922
888927
888378
888630
888435
887560
887665
888092
888129
887444
3205050
888351
888782
887460
888471
888494
887491
887536
887579
887582
887972
887859
887445
887433
888021
887998
887729
887893
887474
887497
888260
888243
888358
888308
888529
888350
14515896
888593
888598
887402
888608
888768
888722
887817
887819
887807
887801
888402
888388
888246
888252
3205116
14515888
888140
888464
888483
888752
888742
888723
887566
888521
888321
887267
888523
888771
887296
887785
3205060
888071
887333
887351
887348
887795
887281
887350
888138
888128
888322
887719
887924
887469
887736
888068
888086
888403
888436
888460
888312
887413
888454
888635
888639
888003
888014
19394677
887811
887814
887538
887508
888788
888290
887731
887803
887297
886029
887685
887374
888413
887821
888689
888671
888710
888711
887798
887791
887715
887764
887841
887492
888142
887827
887616
887844
887273
887612
888009
887303
887326
888118
887384
2700467
888770
14515895
887406
888202
888224
888759
887394
888127
888121
888369
888367
887983
888036
887916
888000
888098
887826
887252
887236
886254
887978
887300
887949
887217
888462
888261
888257
888170
887522
888147
888334
887528
887852
888340
888326
888309
887927
887954
888269
888625
887650
888152
887239
887347
887456
887278
887575
888670
887265
887681
887425
888737
888420
887400
887213
887471
888692
888799
888472
888551
888318
888428
887277
888107
887781
887572
887230
888352
887233
887979
888105
887472
888777
887640
887626
887922
888380
3205099
888383
887995
888238
888093
887857
19394678
887440
888513
2700434
888581
888108
888264
888231
888337
14515883
14515901
887597
887373
887606
887513
887840
14515864
2700452
887871
888451
888600
887246
888624
888769
14515885
888272
887269
887539
887671
888603
887276
888018
888706
888429
888287
887182
885526
885865
888069
888755
887215
888490
887455
887788
888040
887976
887763
888487
888025
887623
887448
887223
887459
888440
888067
14515891
888355
888373
888498
887601
887257
887253
887644
887794
888632
887395
887570
887702
887342
887203
887174
888805
887283
885868
888540
887796
887789
887344
887501
887880
885371
885154
885282
885102
885752
3205062
885277
3205073
3205074
3205075
885290
19394679
2700432
3205076
885175
885168
885152
885268
885130
885260
885262
885101
885143
885171
885084
885480
885060
886271
888184
888124
888111
888116
888072
888099
3205048
887962
887274
886016
886012
888958
885123
886018
888966
888961
2700449
886275
888951
885996
885421
888960
888956
886002
886006
886000
885999
885995
888959
886003
888962
888965
886009
888952
888964
888954
888955
886027
885259
885987
885989
885998
885811
886017
885141
885926
886023
885924
885520
885515
885968
885648
885874
885822
885850
885908
885838
885833
885927
885823
19394680
885302
885300
885246
885866
885472
885250
885508
885867
885303
14515865
14515893
14515879
885517
885663
885305
885301
885299
885664
3205070
885661
885513
885475
885507
885156
885684
885511
885674
885257
885681
885676
885666
885667
885697
885903
885692
885304
885727
885677
885457
885531
885516
885699
885673
885909
885536
3205094
885717
885959
885945
885703
885075
885579
885885
885891
885671
885906
885808
3205071
885266
885900
885919
885715
885745
885911
885905
885916
885902
885892
885894
885760
886025
885858
885904
887435
887370
887340
888167
885871
888191
888174
888176
888615
2700470
2700450
888572
888500
887225
888214
887403
887767
14515866
888591
887743
887393
887255
888163
888606
887793
887437
887757
887304
887462
887848
887744
888623
887876
2700423
887894
887909
887997
888937
887941
19394681
887780
887436
887480
887700
888237
888571
888583
887466
888584
888541
887309
887168
888502
888503
887774
888516
888244
888527
888526
888613
888633
2700451
888515
19394682
887808
887878
887812
887186
887673
888160
2700436
888172
887804
887694
887375
888626
887704
888612
888254
887266
887150
887153
887192
3205085
887216
887152
887359
888437
888409
888386
888397
888392
887434
887379
887831
887261
888052
888054
888038
887365
888452
888412
11117811
887193
887353
887855
887330
888228
887490
887726
887451
887865
887298
887368
887363
887164
887516
887898
887288
887737
888578
887249
887783
887377
887382
888532
888188
887232
888178
887251
888207
887427
888599
887479
888217
887691
887888
888579
887701
887229
888192
887346
887915
888574
887992
888173
887688
887418
887682
888218
887679
887689
887832
887869
887676
3205108
888186
887369
887371
887588
888592
888155
888204
888208
888627
888618
888209
888193
888211
3205055
888215
887289
888610
887690
888601
888497
888565
887825
887442
888939
887692
888576
888568
888566
888588
887426
887431
887231
888597
888573
887813
888196
888616
888156
887428
888594
888629
887703
887674
887366
2700447
2700439
2700440
2700437
887799
887706
885870
887478
887837
888577
887367
888154
887388
888179
887399
888562
885098
887222
888545
888589
888561
888501
887748
887415
887993
887699
887407
887389
887398
887396
886019
887760
887718
887711
888934
887693
887734
887708
887461
887207
888366
888150
888360
888446
888463
887219
888011
887250
887493
887917
888911
888223
888482
887290
888528
887218
887405
887210
887313
887477
887675
887302
887484
887750
887159
887282
888580
888590
888586
887355
887653
887974
887775
887284
887985
887959
888169
888291
888399
887768
887866
888241
888614
887242
888330
888333
888323
888300
888319
888266
888303
888389
888393
888371
888368
888363
888365
888339
888332
887779
888304
888315
888375
888407
888408
888390
888384
887806
887802
888289
887766
888278
888249
888263
888293
887705
887695
887698
887777
887728
887714
887727
887762
887765
888461
888456
888434
888449
888443
888439
888432
888453
887833
887751
888479
888493
888488
888470
888467
888484
888455
888468
888288
888253
888258
888585
888281
888274
888587
888226
888492
888915
887713
888431
887759
888932
888921
14515892
888931
888416
888418
888916
888905
888907
888944
888909
887740
888942
888570
888520
888506
888510
888514
888908
887741
887778
887735
888945
887769
887742
887707
887749
14515869
887730
888537
888519
888554
888199
888534
888569
888547
888920
888923
888157
888189
888213
888159
888522
888536
888539
888575
887481
888499
888236
887364
887664
888544
888171
888542
887773
888643
888560
888636
887495
887420
888596
887423
14515870
888195
888496
887458
887450
887475
887463
887449
887800
887468
887361
887155
888162
887724
887823
887196
887184
888910
887464
887709
887443
887173
887424
888563
887401
888187
887187
888328
887824
887337
887392
888180
887177
888212
888507
888201
887987
888605
888504
887157
887356
887421
888495
887188
887336
888631
887387
887189
888017
887809
887642
888083
888242
887758
888621
887756
887683
887205
887179
3205043
887687
887438
887873
887487
887317
887446
888112
887603
888183
888023
887686
887172
888210
888168
887968
888491
887327
887982
887454
887548
887834
3205061
887636
887956
888122
887291
887295
887206
887202
887887
887311
887772
887214
887318
887486
887258
887816
887862
887224
887316
887892
887263
887338
888423
888469
887299
888476
888481
887194
3205038
887275
887191
887439
887383
887512
19394683
887410
888342
887390
888325
887506
888415
887864
888161
887482
888165
888166
888225
887875
887723
887176
887792
2700433
2700442
887850
887867
888200
888182
887154
888637
888646
887357
887271
887483
887226
887286
887891
887305
887308
888938
888530
888919
888509
887262
887335
888642
887354
887181
888557
888508
888940
888926
888946
888924
888512
3205088
888525
888524
887677
888489
887851
888549
887670
888604
888543
888185
11117812
888865
887470
887842
887320
888640
888517
888216
887672
887197
887815
887881
888745
888888
888870
888898
888886
888894
888866
888869
888885
888884
887963
888882
887519
888617
888878
888883
888855
887617
887553
887948
888879
887550
888847
888822
2700438
888826
888859
888651
888649
887175
888647
888027
887178
888026
887419
888891
888660
888659
888650
888657
888655
888652
888656
888654
888653
888669
888666
888668
888665
888667
888663
888661
888679
888678
888677
888676
14515872
14515871
888674
888675
888673
888672
888798
888685
888820
888839
887657
888686
888836
888683
888680
888897
888781
888779
888790
888808
888802
888809
888811
888828
887409
888890
888823
888825
888892
888806
888850
886263
888901
888841
888838
888829
888842
887558
888153
888835
14515898
888827
887973
887971
887417
888051
887521
887576
887930
887397
888791
888816
888851
887903
888854
887540
887531
887530
888762
888764
888063
888765
888780
888794
888797
888800
888756
888789
887658
887661
888750
888763
888778
888774
888754
887293
888848
888844
887989
887294
888846
888766
888786
19394684
887947
887946
888787
888795
888059
888103
888034
888119
14515873
887628
2700465
887899
888012
888062
888900
888903
3205082
887858
3205083
888902
3205084
887860
887543
887663
887574
19394685
888133
888132
888877
888871
888874
887905
3205107
888875
888876
888840
887931
888896
888830
888824
888845
888843
888906
887980
888801
888096
3205091
887655
888094
888852
888804
888220
888753
888785
888821
888748
888749
888760
888773
888767
888862
888861
888803
888858
888856
888860
888849
888757
888810
888815
888719
888743
888740
888746
888741
888744
888747
888690
888739
887237
888698
888696
888699
888694
888697
888687
888701
888693
888691
888715
888714
888704
888713
888703
888709
888705
888716
888702
888700
888731
888721
888720
888729
888724
888726
888725
888732
888718
888717
887966
887912
888727
887977
888735
888736
887904
888728
888734
888733
3205051
887180
887503
887937
887984
887500
887958
887212
887211
887659
887605
887545
887645
887542
887541
887944
887988
887533
887939
19394686
3205113
887994
887929
887975
887969
887845
887639
887562
887245
887577
887520
887578
887981
3205081
887965
887964
888028
887607
887504
887518
887632
887593
888029
887559
887556
888013
888037
888030
888046
888033
888115
888114
888010
888120
888110
888126
888113
888109
888104
888095
887643
887660
888145
888135
888139
887668
888136
888130
888088
888090
888085
887652
887648
887404
887641
887669
887259
888053
888137
888123
888100
888064
888066
888073
888075
888080
887953
887680
887432
887429
888044
887820
888151
887923
887627
887950
887961
887625
887945
887960
3205044
887412
887911
887919
887938
887918
887928
887910
887907
887902
887940
887955
887505
887900
887502
887510
887498
887499
887925
887594
887599
887598
887877
887583
887595
887555
887532
887557
887634
887618
887635
887622
887631
887621
887630
887615
19394687
887580
887571
887573
887564
887568
887567
887561
887565
887592
887589
887488
887584
887587
887585
887586
887581
887624
887602
887619
887611
887610
887596
887590
887523
887629
887620
887524
887514
887272
887325
888286
887332
887352
887830
888022
888007
888074
888041
888050
888006
888101
888002
888474
888047
888478
888473
888466
888480
888448
888445
888427
888276
888430
888417
888410
888404
888382
888381
888379
888376
888364
888361
888354
888349
888344
888336
888320
887697
888311
887722
888248
888251
888256
888270
888267
888298
888273
888306
888277
888294
888275
888301
888284
888282
887247
887310
887209
887885
888247
888250
888255
888268
888295
888297
888324
888338
888348
888370
888385
888387
888396
888406
888422
888426
888438
888450
888475
888486
888131
888091
887782
887360
887496
887452
887849
888232
887235
887453
887190
887221
887952
887285
887467
887822
887897
887838
887244
887884
887818
888458
888305
888005
3205089
887525
887886
887378
887241
887315
887227
887843
887204
888084
888444
888442
888329
888317
888628
888221
887787
887854
887254
887287
887485
888057
887836
886639
887874
886316
886278
886290
885659
885464
885104
885580
885574
885572
885596
885459
885583
885232
885844
885848
885345
885831
885346
885732
885381
885124
885777
885770
885377
885769
885276
885328
885787
885097
885712
885233
885398
885409
885792
885728
885775
885351
885802
885314
885711
885252
885765
885675
885274
885803
885244
885324
885540
885220
885600
2700461
885553
885620
885608
885217
885837
885841
885832
885296
886260
886259
885612
885614
885624
885619
885618
885627
885319
14515875
885316
14515876
885178
885039
885483
885474
885315
885479
885609
885626
885577
885176
885463
885190
885058
885155
885502
885079
885495
3205049
885809
885317
885320
885751
885780
885598
2700460
885625
885306
885599
885563
885107
885114
885623
885323
885059
885578
885538
885280
885492
14515904
885565
885779
885161
885521
885224
885128
885053
885229
3205111
885222
885587
885118
885223
885092
885088
885228
885584
885456
885307
885595
885602
885582
885855
885219
885361
885321
14515877
2700443
885791
885887
885801
885766
885271
885706
885201
885771
885795
885721
885335
885318
885389
885794
886262
886257
885781
885129
885263
885106
885418
885597
885764
885778
885776
885384
885807
2700471
885586
885505
885559
885298
885534
885581
886293
886270
886093
886098
886096
886097
886094
886100
886099
886101
886102
885239
886104
886103
2700457
2700421
886105
886095
886106
886269
888953
2700428
886110
886116
886107
886115
886113
886114
886111
886117
886119
886108
886118
886120
886109
886125
886124
886127
886112
886123
886126
886128
886122
886268
886131
886133
886130
886135
886121
886132
886138
886129
886134
886136
886142
886139
886137
886143
886147
886150
886149
886152
886144
886153
886146
886140
886141
886155
886145
886156
886148
886154
886151
886160
886157
886158
886161
886165
886162
886163
886168
886164
886169
886170
886171
886167
886176
886177
886178
14515878
886180
886179
886174
886182
886159
886184
886173
886186
886187
886181
886175
886189
886193
886192
886196
886195
886188
886183
886190
886197
886185
886172
886200
886203
886199
886166
886204
886202
886191
886201
886194
886209
886206
886207
886198
886212
886205
886214
886208
886217
886210
886220
886215
886211
886219
886223
886222
886218
886227
886213
886230
886231
886216
886225
886233
886228
886235
886226
886236
886229
886237
886239
886221
886240
886242
886245
886247
886246
886234
886232
886241
886250
886249
886244
886224
886243
886255
886238
886256
886248
886258
